
#################################################################
# Summary Statistics
#################################################################

DIC = 53.01405

                                Mean    SD  2.5%    5%   25%   50%   75%    95%  97.5%
Epsilon.1                      6.105 3.157 1.827 2.225 3.886 5.447 7.625 12.185 14.363
phy.group.SD                   2.621 3.358 0.231 0.313 0.718 1.346 2.968  9.975 13.616
p.global.POM                   0.650 0.202 0.154 0.233 0.544 0.689 0.795  0.917  0.945
p.global.Terrestrial Plants    0.350 0.202 0.055 0.083 0.205 0.311 0.456  0.767  0.846
p.>350um.POM                   0.873 0.093 0.690 0.714 0.804 0.876 0.956  1.000  1.000
p.cladocera.POM                0.790 0.099 0.618 0.643 0.719 0.778 0.850  0.996  1.000
p.copepoda.POM                 0.552 0.087 0.383 0.420 0.497 0.549 0.604  0.700  0.733
p.>350um.Terrestrial Plants    0.127 0.093 0.000 0.000 0.044 0.124 0.196  0.286  0.310
p.cladocera.Terrestrial Plants 0.210 0.099 0.000 0.004 0.150 0.222 0.281  0.357  0.382
p.copepoda.Terrestrial Plants  0.448 0.087 0.267 0.300 0.396 0.451 0.503  0.580  0.617
