
#################################################################
# Summary Statistics
#################################################################

DIC = 50.51298

                                             Mean    SD  2.5%    5%   25%   50%   75%    95%  97.5%
Epsilon.1                                   5.995 2.976 1.883 2.207 3.849 5.458 7.549 11.798 13.371
orig.class.SD                               0.625 0.886 0.019 0.036 0.165 0.375 0.768  1.943  2.630
p.>350um.POM                                0.764 0.131 0.429 0.506 0.704 0.789 0.856  0.926  0.943
p.cladocera.POM                             0.782 0.121 0.506 0.585 0.717 0.792 0.864  0.956  0.977
p.copepoda.POM                              0.576 0.146 0.284 0.354 0.491 0.565 0.657  0.842  0.895
p.>350um.Terrestrial Plants                 0.236 0.131 0.057 0.074 0.144 0.211 0.296  0.494  0.571
p.cladocera.Terrestrial Plants              0.218 0.121 0.023 0.044 0.136 0.208 0.283  0.415  0.494
p.copepoda.Terrestrial Plants               0.424 0.146 0.105 0.158 0.343 0.435 0.509  0.646  0.716
p.>350um.>350um.POM                         0.832 0.078 0.676 0.702 0.781 0.832 0.885  0.964  0.982
p.>350um.>350um.Terrestrial Plants          0.168 0.078 0.018 0.036 0.115 0.168 0.219  0.298  0.324
p.cladocera.Daphnia.POM                     0.768 0.094 0.596 0.622 0.702 0.763 0.828  0.937  0.966
p.cladocera.Daphnia.Terrestrial Plants      0.232 0.094 0.034 0.063 0.172 0.237 0.298  0.378  0.404
p.cladocera.Holopedium.POM                  0.815 0.118 0.580 0.626 0.742 0.821 0.906  0.987  0.996
p.cladocera.Holopedium.Terrestrial Plants   0.185 0.118 0.004 0.013 0.094 0.179 0.258  0.374  0.420
p.cladocera.Ceriodaphnia.POM                0.789 0.125 0.521 0.577 0.709 0.797 0.882  0.978  0.993
p.cladocera.Ceriodaphnia.Terrestrial Plants 0.211 0.125 0.007 0.022 0.118 0.203 0.291  0.423  0.479
p.copepoda.calanoid.POM                     0.522 0.085 0.356 0.384 0.468 0.521 0.575  0.660  0.693
p.copepoda.calanoid.Terrestrial Plants      0.478 0.085 0.307 0.340 0.425 0.479 0.532  0.616  0.644
p.copepoda.copepods.POM                     0.575 0.104 0.384 0.419 0.509 0.569 0.637  0.753  0.803
p.copepoda.copepods.Terrestrial Plants      0.425 0.104 0.197 0.247 0.363 0.431 0.491  0.581  0.616
